0.0, 4.374403e-17
0.1, 3.615307e-5
0.2, 7.213623e-5
0.30000000000000004, 0.0001078532
0.4, 0.0001431584
0.5, 0.0001779753
0.6, 0.00021259909999999998
0.7, 0.0002470361
0.7999999999999999, 0.0002811273
0.8999999999999999, 0.00031483170000000003
0.9999999999999999, 0.00034817079999999997
1.0999999999999999, 0.00038101039999999996
1.2, 0.000413375
1.3, 0.0004451652
1.4000000000000001, 0.0004764067
1.5000000000000002, 0.0005071318
1.6000000000000003, 0.0005373082
1.7000000000000004, 0.0005667526
1.8000000000000005, 0.0005950014000000001
1.9000000000000006, 0.0006226806999999999
2.0000000000000004, 0.0006501340999999999
2.1000000000000005, 0.000677649
2.2000000000000006, 0.0007049701999999999
2.3000000000000007, 0.0007317553
2.400000000000001, 0.000758572
2.500000000000001, 0.0007848797
2.600000000000001, 0.000811242
2.700000000000001, 0.0008375279
2.800000000000001, 0.00086366
2.9000000000000012, 0.0008896585
3.0000000000000013, 0.0009156281
3.1000000000000014, 0.000941403
3.2000000000000015, 0.0009675066
3.3000000000000016, 0.0009954232000000001
3.4000000000000017, 0.001059782
3.5000000000000018, 0.00122954
3.600000000000002, 0.001577052
3.700000000000002, 0.0022429159999999997
3.800000000000002, 0.003474201
3.900000000000002, 0.005737768000000001
4.000000000000002, 0.009821434
4.100000000000001, 0.017035599999999998
4.200000000000001, 0.02951836
4.300000000000001, 0.05071379
4.4, 0.08605377
4.5, 0.14388410000000001
4.6, 0.2366562
4.699999999999999, 0.3813205
4.799999999999999, 0.6008498999999999
4.899999999999999, 0.9257796
4.999999999999998, 1.392927
5.099999999999998, 2.045082
5.1999999999999975, 2.9288790000000002
5.299999999999997, 3.9966239999999997
5.399999999999997, 5.310766999999999
5.4999999999999964, 6.8957120000000005
5.599999999999996, 8.776835
5.699999999999996, 10.97678
5.799999999999995, 13.34384
5.899999999999995, 15.719769999999999
5.999999999999995, 18.38674
