0.0, 1.446554e-17
0.1, 3.9486709999999997e-5
0.2, 7.817191999999999e-5
0.30000000000000004, 0.0001156439
0.4, 0.0001531299
0.5, 0.00019081059999999999
0.6, 0.00022830690000000001
0.7, 0.0002654267
0.7999999999999999, 0.0003024068
0.8999999999999999, 0.000339673
0.9999999999999999, 0.0003781837
1.0999999999999999, 0.0004251451
1.2, 0.0004916901000000001
1.3, 0.00059504
1.4000000000000001, 0.0007767074
1.5000000000000002, 0.001098716
1.6000000000000003, 0.001571062
1.7000000000000004, 0.002352434
1.8000000000000005, 0.003637593
1.9000000000000006, 0.005748515
2.0000000000000004, 0.009201474
2.1000000000000005, 0.01475658
2.2000000000000006, 0.02389863
2.3000000000000007, 0.03856218
2.400000000000001, 0.06171611
2.500000000000001, 0.09800795000000001
2.600000000000001, 0.1541887
2.700000000000001, 0.23988839999999997
2.800000000000001, 0.3684274
2.9000000000000012, 0.5574879
3.0000000000000013, 0.8291373999999999
3.1000000000000014, 1.208856
3.2000000000000015, 1.723426
3.3000000000000016, 2.398326
3.4000000000000017, 3.263763
3.5000000000000018, 4.349507
3.600000000000002, 5.678759
3.700000000000002, 7.271019
3.800000000000002, 9.139951
3.900000000000002, 11.29435
4.000000000000002, 13.73992
4.100000000000001, 16.48105
4.200000000000001, 19.52236
4.300000000000001, 22.87164
4.4, 26.5187
4.5, 30.47304
4.6, 34.7366
4.699999999999999, 39.27063
4.799999999999999, 44.10939
4.899999999999999, 49.113
4.999999999999998, 54.42616
5.099999999999998, 60.0178
5.1999999999999975, 65.71897
5.299999999999997, 71.53309
5.399999999999997, 77.57864
5.4999999999999964, 83.82038
5.599999999999996, 90.2138
5.699999999999996, 96.77828
5.799999999999995, 103.492
5.899999999999995, 110.3311
5.999999999999995, 117.2699
