0.0, 3.010469e-16
0.1, 3.1483279999999996e-5
0.2, 6.279988999999999e-5
0.30000000000000004, 9.397753000000001e-5
0.4, 0.00012498689999999998
0.5, 0.000155818
0.6, 0.0001864371
0.7, 0.0002169211
0.7999999999999999, 0.0002472172
0.8999999999999999, 0.0002772406
0.9999999999999999, 0.0003071137
1.0999999999999999, 0.0003367547
1.2, 0.0003661481
1.3, 0.0003952812
1.4000000000000001, 0.00042414330000000003
1.5000000000000002, 0.0004525935
1.6000000000000003, 0.0004807629
1.7000000000000004, 0.0005087866
1.8000000000000005, 0.0005366423
1.9000000000000006, 0.0005641661999999999
2.0000000000000004, 0.0005913911
2.1000000000000005, 0.0006184067
2.2000000000000006, 0.0006452376
2.3000000000000007, 0.0006715342
2.400000000000001, 0.000697934
2.500000000000001, 0.0007239033
2.600000000000001, 0.0007495494
2.700000000000001, 0.0007749024999999999
2.800000000000001, 0.0007999733
2.9000000000000012, 0.0008248211
3.0000000000000013, 0.0008493316
3.1000000000000014, 0.0008735478
3.2000000000000015, 0.0008970226
3.3000000000000016, 0.0009206097
3.4000000000000017, 0.0009441128
3.5000000000000018, 0.0009674568999999999
3.600000000000002, 0.0009905157
3.700000000000002, 0.00101341
3.800000000000002, 0.0010363619999999999
3.900000000000002, 0.001059003
4.000000000000002, 0.001081567
4.100000000000001, 0.001103843
4.200000000000001, 0.001126197
4.300000000000001, 0.001148205
4.4, 0.001170089
4.5, 0.001192
4.6, 0.001213481
4.699999999999999, 0.0012350809999999999
4.799999999999999, 0.001255703
4.899999999999999, 0.001275908
4.999999999999998, 0.001296548
5.099999999999998, 0.001316999
5.1999999999999975, 0.001337658
5.299999999999997, 0.0013584670000000001
5.399999999999997, 0.0013787839999999999
5.4999999999999964, 0.001399413
5.599999999999996, 0.001419657
5.699999999999996, 0.0014400419999999999
5.799999999999995, 0.0014599
5.899999999999995, 0.0014804899999999999
5.999999999999995, 0.001500106
