0.0, 2.905556e-16
0.1, 3.176113e-5
0.2, 6.335302e-5
0.30000000000000004, 9.475748e-5
0.4, 0.0001259631
0.5, 0.0001570237
0.6, 0.0001879039
0.7, 0.0002186392
0.7999999999999999, 0.0002491024
0.8999999999999999, 0.0002794019
0.9999999999999999, 0.0003095164
1.0999999999999999, 0.0003393232
1.2, 0.0003689547
1.3, 0.00039839410000000003
1.4000000000000001, 0.00042751899999999996
1.5000000000000002, 0.0004564469
1.6000000000000003, 0.00048500579999999994
1.7000000000000004, 0.0005133215
1.8000000000000005, 0.0005412794
1.9000000000000006, 0.0005688830000000001
2.0000000000000004, 0.000595996
2.1000000000000005, 0.0006230382
2.2000000000000006, 0.000649656
2.3000000000000007, 0.0006761523
2.400000000000001, 0.0007023884
2.500000000000001, 0.0007284098
2.600000000000001, 0.0007542396000000001
2.700000000000001, 0.0007795122
2.800000000000001, 0.0008044727999999999
2.9000000000000012, 0.0008293691
3.0000000000000013, 0.000854141
3.1000000000000014, 0.0008785094
3.2000000000000015, 0.0009026511999999999
3.3000000000000016, 0.0009266702000000001
3.4000000000000017, 0.0009501898
3.5000000000000018, 0.0009734359
3.600000000000002, 0.0009965561999999999
3.700000000000002, 0.001019221
3.800000000000002, 0.001041576
3.900000000000002, 0.001063938
4.000000000000002, 0.001086583
4.100000000000001, 0.001108826
4.200000000000001, 0.00113116
4.300000000000001, 0.001153348
4.4, 0.001175314
4.5, 0.001197195
4.6, 0.001218783
4.699999999999999, 0.001239996
4.799999999999999, 0.001261378
4.899999999999999, 0.001282547
4.999999999999998, 0.001303789
5.099999999999998, 0.0013249099999999999
5.1999999999999975, 0.001345589
5.299999999999997, 0.001365782
5.399999999999997, 0.001385614
5.4999999999999964, 0.001405988
5.599999999999996, 0.001426107
5.699999999999996, 0.001446643
5.799999999999995, 0.00146692
5.899999999999995, 0.001487326
5.999999999999995, 0.001507569
