0.0, 7.620131e-17
0.1, 3.4151170000000004e-5
0.2, 6.813192e-5
0.30000000000000004, 0.0001019572
0.4, 0.0001356157
0.5, 0.0001690205
0.6, 0.00020217380000000002
0.7, 0.00023514940000000004
0.7999999999999999, 0.0002677485
0.8999999999999999, 0.00030002539999999996
0.9999999999999999, 0.00033168950000000004
1.0999999999999999, 0.00036292350000000003
1.2, 0.00039399899999999997
1.3, 0.0004247193
1.4000000000000001, 0.0004551502
1.5000000000000002, 0.00048521940000000003
1.6000000000000003, 0.0005148161
1.7000000000000004, 0.0005439859000000001
1.8000000000000005, 0.000572761
1.9000000000000006, 0.0006010322
2.0000000000000004, 0.000629117
2.1000000000000005, 0.0006566193999999999
2.2000000000000006, 0.0006836089
2.3000000000000007, 0.0007104826
2.400000000000001, 0.0007370451
2.500000000000001, 0.0007632108
2.600000000000001, 0.0007891219
2.700000000000001, 0.0008141468
2.800000000000001, 0.0008389463
2.9000000000000012, 0.0008635511
3.0000000000000013, 0.0008878175
3.1000000000000014, 0.0009122464
3.2000000000000015, 0.0009365406999999999
3.3000000000000016, 0.0009608475999999999
3.4000000000000017, 0.0009849413
3.5000000000000018, 0.001008964
3.600000000000002, 0.0010331740000000002
3.700000000000002, 0.001057062
3.800000000000002, 0.001080846
3.900000000000002, 0.001104692
4.000000000000002, 0.001128173
4.100000000000001, 0.001152353
4.200000000000001, 0.001177945
4.300000000000001, 0.001233318
4.4, 0.001398632
4.5, 0.001723266
4.6, 0.002349724
4.699999999999999, 0.0035492249999999996
4.799999999999999, 0.005524757
4.899999999999999, 0.008720470999999999
4.999999999999998, 0.01406774
5.099999999999998, 0.02286683
5.1999999999999975, 0.037140400000000004
5.299999999999997, 0.05995802000000001
5.399999999999997, 0.09587025
5.4999999999999964, 0.1514588
5.599999999999996, 0.235862
5.699999999999996, 0.3606898
5.799999999999995, 0.5418636
5.899999999999995, 0.798552
5.999999999999995, 1.153112
