0.0, 0.0
0.1, 1.6093910000000003e-5
0.2, 3.188688e-5
0.30000000000000004, 4.75277e-5
0.4, 6.308424e-5
0.5, 7.850404000000001e-5
0.6, 9.381764e-5
0.7, 0.0001090191
0.7999999999999999, 0.00012410809999999998
0.8999999999999999, 0.0001390945
0.9999999999999999, 0.0001539695
1.0999999999999999, 0.00016877289999999998
1.2, 0.0001834736
1.3, 0.0001980501
1.4000000000000001, 0.000212584
1.5000000000000002, 0.00022697089999999999
1.6000000000000003, 0.00024136980000000001
1.7000000000000004, 0.0002556
1.8000000000000005, 0.0002697449
1.9000000000000006, 0.00028380740000000004
2.0000000000000004, 0.0002979405
2.1000000000000005, 0.000311952
2.2000000000000006, 0.00032578209999999997
2.3000000000000007, 0.00033953440000000003
2.400000000000001, 0.0003532279
2.500000000000001, 0.0003669266
2.600000000000001, 0.00038043800000000003
2.700000000000001, 0.000393918
2.800000000000001, 0.00040694319999999996
2.9000000000000012, 0.0004194194
3.0000000000000013, 0.0004320463
3.1000000000000014, 0.00044508760000000003
3.2000000000000015, 0.0004582718
3.3000000000000016, 0.000471265
3.4000000000000017, 0.0004842796
3.5000000000000018, 0.0004973032
3.600000000000002, 0.0005101054
3.700000000000002, 0.0005229812999999999
3.800000000000002, 0.0005356887999999999
3.900000000000002, 0.000548416
4.000000000000002, 0.0005610746
4.100000000000001, 0.0005736711
4.200000000000001, 0.0005862126
4.300000000000001, 0.0005986391
4.4, 0.0006110518
4.5, 0.0006235081
4.6, 0.0006357973
4.699999999999999, 0.0006480844
4.799999999999999, 0.0006601635
4.899999999999999, 0.0006723679
4.999999999999998, 0.0006844589
5.099999999999998, 0.0006965911
5.1999999999999975, 0.0007083965
5.299999999999997, 0.0007203364
5.399999999999997, 0.0007322362
5.4999999999999964, 0.0007440713
5.599999999999996, 0.0007558166000000001
5.699999999999996, 0.0007675761000000001
5.799999999999995, 0.0007794156999999999
5.899999999999995, 0.0007907547000000001
5.999999999999995, 0.0008024253
