0.0, 9.197888e-33
0.1, 38.99865
0.2, 76.41843
0.30000000000000004, 112.3999
0.4, 147.0609
0.5, 180.4285
0.6, 212.5908
0.7, 243.5916
0.7999999999999999, 273.458
0.8999999999999999, 302.17949999999996
0.9999999999999999, 329.7552
1.0999999999999999, 356.2738
1.2, 381.66319999999996
1.3, 405.8668
1.4000000000000001, 428.9271
1.5000000000000002, 450.7828
1.6000000000000003, 471.3905
1.7000000000000004, 490.6675
1.8000000000000005, 508.5126
1.9000000000000006, 524.782
2.0000000000000004, 539.4147
2.1000000000000005, 552.2425999999999
2.2000000000000006, 563.2583999999999
2.3000000000000007, 572.5702
2.400000000000001, 580.4463
2.500000000000001, 587.2384999999999
2.600000000000001, 593.2705
2.700000000000001, 598.7746000000001
2.800000000000001, 603.8981
2.9000000000000012, 608.7321
3.0000000000000013, 613.3344999999999
3.1000000000000014, 617.7471
3.2000000000000015, 621.9996
3.3000000000000016, 626.1109
3.4000000000000017, 630.1058
3.5000000000000018, 633.9956999999999
3.600000000000002, 637.7921
3.700000000000002, 641.5045
3.800000000000002, 645.1405
3.900000000000002, 648.7062999999999
4.000000000000002, 652.2067000000001
4.100000000000001, 655.648
4.200000000000001, 659.0348
4.300000000000001, 662.3707999999999
4.4, 665.6586
4.5, 668.9027
4.6, 672.105
4.699999999999999, 675.2677
4.799999999999999, 678.3931
4.899999999999999, 681.483
4.999999999999998, 684.5391
5.099999999999998, 687.5628
5.1999999999999975, 690.5557
5.299999999999997, 693.519
5.399999999999997, 696.454
5.4999999999999964, 699.3618
5.599999999999996, 702.2433
5.699999999999996, 705.0994
5.799999999999995, 707.9312
5.899999999999995, 710.739
5.999999999999995, 713.5242
