0.0, 0.0
0.1, 9.822118
0.2, 15.25665
0.30000000000000004, 17.30505
0.4, 17.78969
0.5, 17.96409
0.6, 18.08091
0.7, 18.196279999999998
0.7999999999999999, 18.30201
0.8999999999999999, 18.399549999999998
0.9999999999999999, 18.49082
1.0999999999999999, 18.57643
1.2, 18.65755
1.3, 18.734830000000002
1.4000000000000001, 18.80868
1.5000000000000002, 18.879469999999998
1.6000000000000003, 18.94747
1.7000000000000004, 19.01292
1.8000000000000005, 19.07605
1.9000000000000006, 19.13704
2.0000000000000004, 19.19604
2.1000000000000005, 19.2532
2.2000000000000006, 19.30864
2.3000000000000007, 19.362470000000002
2.400000000000001, 19.41477
2.500000000000001, 19.46562
2.600000000000001, 19.51508
2.700000000000001, 19.563180000000003
2.800000000000001, 19.60991
2.9000000000000012, 19.65522
3.0000000000000013, 19.698999999999998
3.1000000000000014, 19.74068
3.2000000000000015, 19.77982
3.3000000000000016, 19.81784
3.4000000000000017, 19.85458
3.5000000000000018, 19.890649999999997
3.600000000000002, 19.92622
3.700000000000002, 19.96134
3.800000000000002, 19.99602
3.900000000000002, 20.03029
4.000000000000002, 20.06414
4.100000000000001, 20.0976
4.200000000000001, 20.130679999999998
4.300000000000001, 20.16339
4.4, 20.195729999999998
4.5, 20.22772
4.6, 20.25937
4.699999999999999, 20.290680000000002
4.799999999999999, 20.321659999999998
4.899999999999999, 20.35232
4.999999999999998, 20.382669999999997
5.099999999999998, 20.41271
5.1999999999999975, 20.44245
5.299999999999997, 20.471880000000002
5.399999999999997, 20.50103
5.4999999999999964, 20.52987
5.599999999999996, 20.55842
5.699999999999996, 20.586679999999998
5.799999999999995, 20.61468
5.899999999999995, 20.642400000000002
5.999999999999995, 20.66982
