0.0, 7.645843e+05
0.5, 8.212345e+05
1.0, 8.811228e+05
1.5, 9.313854e+05
2.0, 9.741154e+05
2.5, 1.010757e+06
3.0, 1.042374e+06
3.5, 1.069815e+06
4.0, 1.093795e+06
4.5, 1.114946e+06
5.0, 1.133816e+06
5.5, 1.150865e+06
6.0, 1.166458e+06
6.5, 1.180873e+06
7.0, 1.194321e+06
7.5, 1.206959e+06
8.0, 1.218907e+06
8.5, 1.230257e+06
9.0, 1.241082e+06
9.5, 1.251439e+06
10.0, 1.261373e+06
10.5, 1.270924e+06
11.0, 1.280122e+06
11.5, 1.288993e+06
12.0, 1.297561e+06
12.5, 1.305844e+06
13.0, 1.313859e+06
13.5, 1.321621e+06
14.0, 1.329141e+06
14.5, 1.336432e+06
15.0, 1.343502e+06
15.5, 1.350362e+06
16.0, 1.357019e+06
16.5, 1.363480e+06
17.0, 1.369751e+06
17.5, 1.375840e+06
18.0, 1.381751e+06
18.5, 1.387489e+06
19.0, 1.393079e+06
19.5, 1.398545e+06
20.0, 1.403850e+06
20.5, 1.408996e+06
21.0, 1.413988e+06
21.5, 1.418829e+06
22.0, 1.423521e+06
22.5, 1.428069e+06
23.0, 1.432473e+06
23.5, 1.436737e+06
24.0, 1.440864e+06
24.5, 1.444856e+06
25.0, 1.448714e+06
25.5, 1.452442e+06
26.0, 1.456040e+06
26.5, 1.459511e+06
27.0, 1.462857e+06
27.5, 1.466078e+06
28.0, 1.469178e+06
28.5, 1.472157e+06
29.0, 1.475017e+06
29.5, 1.477760e+06
30.0, 1.480386e+06
30.5, 1.482897e+06
31.0, 1.485294e+06
31.5, 1.487579e+06
32.0, 1.489753e+06
32.5, 1.491817e+06
33.0, 1.493771e+06
33.5, 1.495618e+06
34.0, 1.497357e+06
34.5, 1.498991e+06
35.0, 1.500519e+06
35.5, 1.501944e+06
36.0, 1.503266e+06
36.5, 1.504484e+06
37.0, 1.505601e+06
37.5, 1.506618e+06
38.0, 1.507534e+06
38.5, 1.508352e+06
39.0, 1.509071e+06
39.5, 1.509693e+06
40.0, 1.510217e+06
40.5, 1.510645e+06
41.0, 1.510979e+06
41.5, 1.511218e+06
42.0, 1.511367e+06
42.5, 1.511438e+06
43.0, 1.511471e+06
43.5, 1.511496e+06
44.0, 1.511517e+06
44.5, 1.511536e+06
45.0, 1.511555e+06
45.5, 1.511572e+06
46.0, 1.511589e+06
46.5, 1.511606e+06
47.0, 1.511623e+06
47.5, 1.511640e+06
48.0, 1.511656e+06
48.5, 1.511672e+06
49.0, 1.511687e+06
49.5, 1.511703e+06
50.0, 1.511719e+06
50.5, 1.511735e+06
51.0, 1.511751e+06
51.5, 1.511768e+06
52.0, 1.511784e+06
52.5, 1.511800e+06
53.0, 1.511816e+06
53.5, 1.511832e+06
54.0, 1.511848e+06
54.5, 1.511864e+06
55.0, 1.511879e+06
55.5, 1.511894e+06
56.0, 1.511910e+06
56.5, 1.511925e+06
57.0, 1.511941e+06
57.5, 1.511956e+06
58.0, 1.511972e+06
58.5, 1.511988e+06
59.0, 1.512003e+06
59.5, 1.512019e+06
60.0, 1.512035e+06
60.5, 1.512051e+06
61.0, 1.512067e+06
61.5, 1.512083e+06
62.0, 1.512099e+06
62.5, 1.512115e+06
63.0, 1.512131e+06
63.5, 1.512147e+06
64.0, 1.512163e+06
64.5, 1.512179e+06
65.0, 1.512196e+06
65.5, 1.512212e+06
66.0, 1.512228e+06
66.5, 1.512245e+06
67.0, 1.512261e+06
67.5, 1.512278e+06
68.0, 1.512294e+06
68.5, 1.512311e+06
69.0, 1.512328e+06
69.5, 1.512344e+06
70.0, 1.512361e+06
70.5, 1.512378e+06
71.0, 1.512395e+06
71.5, 1.512411e+06
72.0, 1.512428e+06
72.5, 1.512445e+06
73.0, 1.512462e+06
73.5, 1.512479e+06
74.0, 1.512497e+06
74.5, 1.512514e+06
75.0, 1.512531e+06
75.5, 1.512548e+06
76.0, 1.512565e+06
76.5, 1.512583e+06
77.0, 1.512600e+06
77.5, 1.512618e+06
78.0, 1.512635e+06
78.5, 1.512653e+06
79.0, 1.512670e+06
79.5, 1.512688e+06
80.0, 1.512705e+06
80.5, 1.512723e+06
81.0, 1.512741e+06
81.5, 1.512759e+06
82.0, 1.512776e+06
82.5, 1.512794e+06
83.0, 1.512812e+06
83.5, 1.512830e+06
84.0, 1.512848e+06
