0.0, 7.779471e+05
0.5, 8.041744e+05
1.0, 8.624026e+05
1.5, 9.114551e+05
2.0, 9.532102e+05
2.5, 9.889698e+05
3.0, 1.019693e+06
3.5, 1.046137e+06
4.0, 1.068947e+06
4.5, 1.088700e+06
5.0, 1.105925e+06
5.5, 1.121083e+06
6.0, 1.134558e+06
6.5, 1.146651e+06
7.0, 1.157591e+06
7.5, 1.167551e+06
8.0, 1.176663e+06
8.5, 1.185028e+06
9.0, 1.192723e+06
9.5, 1.199811e+06
10.0, 1.206341e+06
10.5, 1.212352e+06
11.0, 1.217877e+06
11.5, 1.222942e+06
12.0, 1.227569e+06
12.5, 1.231777e+06
13.0, 1.235581e+06
13.5, 1.238995e+06
14.0, 1.242032e+06
14.5, 1.244704e+06
15.0, 1.247026e+06
15.5, 1.249016e+06
16.0, 1.250703e+06
16.5, 1.252123e+06
17.0, 1.253323e+06
17.5, 1.254348e+06
18.0, 1.255241e+06
18.5, 1.256029e+06
19.0, 1.256737e+06
19.5, 1.257380e+06
20.0, 1.257968e+06
20.5, 1.258511e+06
21.0, 1.259014e+06
21.5, 1.259483e+06
22.0, 1.259922e+06
22.5, 1.260334e+06
23.0, 1.260722e+06
23.5, 1.261088e+06
24.0, 1.261433e+06
24.5, 1.261760e+06
25.0, 1.262070e+06
25.5, 1.262363e+06
26.0, 1.262642e+06
26.5, 1.262906e+06
27.0, 1.263157e+06
27.5, 1.263396e+06
28.0, 1.263622e+06
28.5, 1.263838e+06
29.0, 1.264042e+06
29.5, 1.264236e+06
30.0, 1.264420e+06
30.5, 1.264595e+06
31.0, 1.264760e+06
31.5, 1.264917e+06
32.0, 1.265064e+06
32.5, 1.265204e+06
33.0, 1.265335e+06
33.5, 1.265458e+06
34.0, 1.265574e+06
34.5, 1.265682e+06
35.0, 1.265783e+06
35.5, 1.265876e+06
36.0, 1.265963e+06
36.5, 1.266042e+06
37.0, 1.266115e+06
37.5, 1.266181e+06
38.0, 1.266240e+06
38.5, 1.266293e+06
39.0, 1.266340e+06
39.5, 1.266381e+06
40.0, 1.266415e+06
40.5, 1.266445e+06
41.0, 1.266469e+06
41.5, 1.266490e+06
42.0, 1.266508e+06
42.5, 1.266524e+06
43.0, 1.266539e+06
43.5, 1.266553e+06
44.0, 1.266567e+06
44.5, 1.266580e+06
45.0, 1.266593e+06
45.5, 1.266606e+06
46.0, 1.266619e+06
46.5, 1.266631e+06
47.0, 1.266643e+06
47.5, 1.266656e+06
48.0, 1.266668e+06
48.5, 1.266680e+06
49.0, 1.266692e+06
49.5, 1.266705e+06
50.0, 1.266717e+06
50.5, 1.266729e+06
51.0, 1.266741e+06
51.5, 1.266754e+06
52.0, 1.266766e+06
52.5, 1.266778e+06
53.0, 1.266789e+06
53.5, 1.266801e+06
54.0, 1.266813e+06
54.5, 1.266824e+06
55.0, 1.266836e+06
55.5, 1.266848e+06
56.0, 1.266860e+06
56.5, 1.266872e+06
57.0, 1.266884e+06
57.5, 1.266895e+06
58.0, 1.266907e+06
58.5, 1.266919e+06
59.0, 1.266931e+06
59.5, 1.266943e+06
60.0, 1.266955e+06
60.5, 1.266967e+06
61.0, 1.266979e+06
61.5, 1.266992e+06
62.0, 1.267004e+06
62.5, 1.267016e+06
63.0, 1.267028e+06
63.5, 1.267040e+06
64.0, 1.267052e+06
64.5, 1.267065e+06
65.0, 1.267077e+06
65.5, 1.267089e+06
66.0, 1.267102e+06
66.5, 1.267114e+06
67.0, 1.267126e+06
67.5, 1.267139e+06
68.0, 1.267151e+06
68.5, 1.267164e+06
69.0, 1.267176e+06
69.5, 1.267189e+06
70.0, 1.267201e+06
70.5, 1.267214e+06
71.0, 1.267226e+06
71.5, 1.267239e+06
72.0, 1.267251e+06
72.5, 1.267264e+06
73.0, 1.267277e+06
73.5, 1.267289e+06
74.0, 1.267302e+06
74.5, 1.267315e+06
75.0, 1.267328e+06
75.5, 1.267340e+06
76.0, 1.267353e+06
76.5, 1.267366e+06
77.0, 1.267379e+06
77.5, 1.267392e+06
78.0, 1.267405e+06
78.5, 1.267418e+06
79.0, 1.267431e+06
79.5, 1.267444e+06
80.0, 1.267457e+06
80.5, 1.267470e+06
81.0, 1.267483e+06
81.5, 1.267496e+06
82.0, 1.267509e+06
82.5, 1.267522e+06
83.0, 1.267535e+06
83.5, 1.267548e+06
84.0, 1.270146e+06
