0.0, 0.0
0.1, 0.04970401
0.2, 0.09880611
0.30000000000000004, 0.1472697
0.4, 0.19505370000000002
0.5, 0.242112
0.6, 0.288392
0.7, 0.3338341
0.7999999999999999, 0.3783702
0.8999999999999999, 0.42192169999999996
0.9999999999999999, 0.4643978
1.0999999999999999, 0.5056923
1.2, 0.5456809
1.3, 0.5842165
1.4000000000000001, 0.6211247999999999
1.5000000000000002, 0.6561987
1.6000000000000003, 0.6891944
1.7000000000000004, 0.7198295
1.8000000000000005, 0.7477909
1.9000000000000006, 0.7727642
2.0000000000000004, 0.7945032
2.1000000000000005, 0.8129525
2.2000000000000006, 0.8283716999999999
2.3000000000000007, 0.8413191999999999
2.400000000000001, 0.8524246999999999
2.500000000000001, 0.8622000999999999
2.600000000000001, 0.8710545
2.700000000000001, 0.8792793999999999
2.800000000000001, 0.8870389999999999
2.9000000000000012, 0.8944270000000001
3.0000000000000013, 0.9015
3.1000000000000014, 0.9082905
3.2000000000000015, 0.9148124
3.3000000000000016, 0.9210550000000001
3.4000000000000017, 0.9269842
3.5000000000000018, 0.9326785
3.600000000000002, 0.9381901
3.700000000000002, 0.9435446000000001
3.800000000000002, 0.9487738
3.900000000000002, 0.9538983
4.000000000000002, 0.9589276
4.100000000000001, 0.9638659
4.200000000000001, 0.9687147
4.300000000000001, 0.973473
4.4, 0.9781375
4.5, 0.9827016000000001
4.6, 0.9871499
4.699999999999999, 0.9914750999999999
4.799999999999999, 0.9957098000000001
4.899999999999999, 0.9998703
4.999999999999998, 1.003971
5.099999999999998, 1.0080250000000002
5.1999999999999975, 1.012038
5.299999999999997, 1.016011
5.399999999999997, 1.0199449999999999
5.4999999999999964, 1.023837
5.599999999999996, 1.027685
5.699999999999996, 1.031487
5.799999999999995, 1.0352359999999998
5.899999999999995, 1.038925
5.999999999999995, 1.042545
