0.0, 0.0
0.1, 5.2927610000000004e-8
0.2, 1.056327e-7
0.30000000000000004, 1.580622e-7
0.4, 2.100411e-7
0.5, 2.6185619999999997e-7
0.6, 3.1379830000000004e-7
0.7, 3.6557929999999997e-7
0.7999999999999999, 4.172556e-7
0.8999999999999999, 4.689282e-7
0.9999999999999999, 5.205229e-7
1.0999999999999999, 5.720334e-7
1.2, 6.230947000000001e-7
1.3, 6.732972e-7
1.4000000000000001, 7.233145e-7
1.5000000000000002, 7.738413e-7
1.6000000000000003, 8.246786e-7
1.7000000000000004, 8.75644e-7
1.8000000000000005, 9.265841e-7
1.9000000000000006, 9.772675e-7
2.0000000000000004, 1.027903e-6
2.1000000000000005, 1.078375e-6
2.2000000000000006, 1.1286839999999999e-6
2.3000000000000007, 1.178733e-6
2.400000000000001, 1.228438e-6
2.500000000000001, 1.276721e-6
2.600000000000001, 1.3251239999999998e-6
2.700000000000001, 1.374976e-6
2.800000000000001, 1.425368e-6
2.9000000000000012, 1.47539e-6
3.0000000000000013, 1.525133e-6
3.1000000000000014, 1.574979e-6
3.2000000000000015, 1.624996e-6
3.3000000000000016, 1.675107e-6
3.4000000000000017, 1.725495e-6
3.5000000000000018, 1.775379e-6
3.600000000000002, 1.8251449999999999e-6
3.700000000000002, 1.8744380000000002e-6
3.800000000000002, 1.921545e-6
3.900000000000002, 1.9685510000000002e-6
4.000000000000002, 2.0166230000000003e-6
4.100000000000001, 2.0653399999999998e-6
4.200000000000001, 2.114761e-6
4.300000000000001, 2.1643780000000002e-6
4.4, 2.2143430000000003e-6
4.5, 2.264307e-6
4.6, 2.3136919999999998e-6
4.699999999999999, 2.363336e-6
4.799999999999999, 2.412802e-6
4.899999999999999, 2.46207e-6
4.999999999999998, 2.510369e-6
5.099999999999998, 2.555923e-6
5.1999999999999975, 2.600375e-6
5.299999999999997, 2.647043e-6
5.399999999999997, 2.6954080000000003e-6
5.4999999999999964, 2.7447360000000003e-6
5.599999999999996, 2.7942419999999997e-6
5.699999999999996, 2.8434060000000003e-6
5.799999999999995, 2.892662e-6
5.899999999999995, 2.941556e-6
5.999999999999995, 2.9904439999999997e-6
