0.0, 0.0
0.1, 0.05471757
0.2, 0.1091661
0.30000000000000004, 0.16334079999999998
0.4, 0.217237
0.5, 0.27084949999999997
0.6, 0.3241731
0.7, 0.3772022
0.7999999999999999, 0.4299312
0.8999999999999999, 0.48235409999999995
0.9999999999999999, 0.5344648
1.0999999999999999, 0.5862571
1.2, 0.6377241
1.3, 0.6888582999999999
1.4000000000000001, 0.7396516
1.5000000000000002, 0.7900944
1.6000000000000003, 0.840176
1.7000000000000004, 0.8898845999999999
1.8000000000000005, 0.9392073
1.9000000000000006, 0.9881301000000001
2.0000000000000004, 1.0366380000000002
2.1000000000000005, 1.0847140000000002
2.2000000000000006, 1.13234
2.3000000000000007, 1.179498
2.400000000000001, 1.226166
2.500000000000001, 1.272322
2.600000000000001, 1.317941
2.700000000000001, 1.3629950000000002
2.800000000000001, 1.407456
2.9000000000000012, 1.45129
3.0000000000000013, 1.494461
3.1000000000000014, 1.536929
3.2000000000000015, 1.578651
3.3000000000000016, 1.619578
3.4000000000000017, 1.6596549999999999
3.5000000000000018, 1.698822
3.600000000000002, 1.7370109999999999
3.700000000000002, 1.774145
3.800000000000002, 1.8101420000000001
3.900000000000002, 1.844905
4.000000000000002, 1.878332
4.100000000000001, 1.910309
4.200000000000001, 1.940713
4.300000000000001, 1.969419
4.4, 1.9963060000000001
4.5, 2.0212670000000004
4.6, 2.0442329999999997
4.699999999999999, 2.065188
4.799999999999999, 2.084194
4.899999999999999, 2.10139
4.999999999999998, 2.116981
5.099999999999998, 2.1312100000000003
5.1999999999999975, 2.144323
5.299999999999997, 2.156543
5.399999999999997, 2.168046
5.4999999999999964, 2.178954
5.599999999999996, 2.18935
5.699999999999996, 2.1992890000000003
5.799999999999995, 2.208805
5.899999999999995, 2.2179230000000003
5.999999999999995, 2.226677
