0.0, 0.0
0.1, 0.05693732
0.2, 0.1136816
0.30000000000000004, 0.170232
0.4, 0.2265874
0.5, 0.2827468
0.6, 0.3387096
0.7, 0.3944749
0.7999999999999999, 0.4500422
0.8999999999999999, 0.5054109
0.9999999999999999, 0.5605808999999999
1.0999999999999999, 0.6155521
1.2, 0.6703245
1.3, 0.7248979999999999
1.4000000000000001, 0.7792721
1.5000000000000002, 0.8334459000000001
1.6000000000000003, 0.8874178
1.7000000000000004, 0.9411858000000001
1.8000000000000005, 0.9947476000000001
1.9000000000000006, 1.0481010000000002
2.0000000000000004, 1.101243
2.1000000000000005, 1.15417
2.2000000000000006, 1.2068809999999999
2.3000000000000007, 1.259372
2.400000000000001, 1.311639
2.500000000000001, 1.36368
2.600000000000001, 1.415491
2.700000000000001, 1.4670690000000002
2.800000000000001, 1.518411
2.9000000000000012, 1.569511
3.0000000000000013, 1.620366
3.1000000000000014, 1.670973
3.2000000000000015, 1.7213269999999998
3.3000000000000016, 1.7714219999999998
3.4000000000000017, 1.821256
3.5000000000000018, 1.870822
3.600000000000002, 1.920116
3.700000000000002, 1.969132
3.800000000000002, 2.017864
3.900000000000002, 2.0663069999999997
4.000000000000002, 2.114453
4.100000000000001, 2.162296
4.200000000000001, 2.209827
4.300000000000001, 2.2570390000000002
4.4, 2.303921
4.5, 2.350465
4.6, 2.396659
4.699999999999999, 2.442492
4.799999999999999, 2.487953
4.899999999999999, 2.5330280000000003
4.999999999999998, 2.577703
5.099999999999998, 2.621964
5.1999999999999975, 2.6657949999999997
5.299999999999997, 2.709178
5.399999999999997, 2.752095
5.4999999999999964, 2.794528
5.599999999999996, 2.836453
5.699999999999996, 2.877848
5.799999999999995, 2.918689
5.899999999999995, 2.9589469999999998
5.999999999999995, 2.9985950000000003
0.0, 8.943249000000001e-18
0.1, 0.05824492
0.2, 0.1163273
0.30000000000000004, 0.1742469
0.4, 0.23200320000000002
0.5, 0.28959640000000003
0.6, 0.3470263
0.7, 0.40429319999999996
0.7999999999999999, 0.4613975
0.8999999999999999, 0.5183399000000001
0.9999999999999999, 0.5751214
1.0999999999999999, 0.6317431
1.2, 0.6882063
1.3, 0.7445124000000001
1.4000000000000001, 0.8006622
1.5000000000000002, 0.8566564000000001
1.6000000000000003, 0.9124949
1.7000000000000004, 0.9681775
1.8000000000000005, 1.0237040000000002
1.9000000000000006, 1.079073
2.0000000000000004, 1.1342839999999998
2.1000000000000005, 1.189336
2.2000000000000006, 1.2442280000000001
2.3000000000000007, 1.298961
2.400000000000001, 1.353532
2.500000000000001, 1.407941
2.600000000000001, 1.4621879999999998
2.700000000000001, 1.516271
2.800000000000001, 1.57019
2.9000000000000012, 1.623944
3.0000000000000013, 1.677532
3.1000000000000014, 1.730953
3.2000000000000015, 1.7842069999999999
3.3000000000000016, 1.837292
3.4000000000000017, 1.8902089999999998
3.5000000000000018, 1.9429560000000001
3.600000000000002, 1.9955329999999998
3.700000000000002, 2.0479399999999996
3.800000000000002, 2.100175
3.900000000000002, 2.152237
4.000000000000002, 2.204127
4.100000000000001, 2.255842
4.200000000000001, 2.307382
4.300000000000001, 2.358746
4.4, 2.4099299999999997
4.5, 2.460934
4.6, 2.511756
4.699999999999999, 2.562394
4.799999999999999, 2.612845
4.899999999999999, 2.663107
4.999999999999998, 2.7131790000000002
5.099999999999998, 2.7630559999999997
5.1999999999999975, 2.8127370000000003
5.299999999999997, 2.8622199999999998
5.399999999999997, 2.911501
5.4999999999999964, 2.9605780000000004
5.599999999999996, 3.009448
5.699999999999996, 3.058107
5.799999999999995, 3.106554
5.899999999999995, 3.154783
5.999999999999995, 3.202793
0.0, 6.686801e-17
0.1, 0.058940229999999996
0.2, 0.1177497
0.30000000000000004, 0.1764285
0.4, 0.2349765
0.5, 0.2933938
0.6, 0.35168059999999995
0.7, 0.4098373
0.7999999999999999, 0.4678641
0.8999999999999999, 0.5257617
0.9999999999999999, 0.5835309
1.0999999999999999, 0.6411728
1.2, 0.6986883
1.3, 0.7560784
1.4000000000000001, 0.8133437
1.5000000000000002, 0.870484
1.6000000000000003, 0.9274988
1.7000000000000004, 0.9843869
1.8000000000000005, 1.041147
1.9000000000000006, 1.097777
2.0000000000000004, 1.154274
2.1000000000000005, 1.2106370000000002
2.2000000000000006, 1.266863
2.3000000000000007, 1.322949
2.400000000000001, 1.3788909999999999
2.500000000000001, 1.434688
2.600000000000001, 1.490335
2.700000000000001, 1.545831
2.800000000000001, 1.601173
2.9000000000000012, 1.656361
3.0000000000000013, 1.711402
3.1000000000000014, 1.766306
3.2000000000000015, 1.8210870000000001
3.3000000000000016, 1.875755
3.4000000000000017, 1.930312
3.5000000000000018, 1.9847530000000002
3.600000000000002, 2.039071
3.700000000000002, 2.093259
3.800000000000002, 2.147309
3.900000000000002, 2.2012199999999997
4.000000000000002, 2.254988
4.100000000000001, 2.3086130000000002
4.200000000000001, 2.362096
4.300000000000001, 2.415437
4.4, 2.468638
4.5, 2.5216969999999996
4.6, 2.574617
4.699999999999999, 2.627396
4.799999999999999, 2.6800349999999997
4.899999999999999, 2.732534
4.999999999999998, 2.784891
5.099999999999998, 2.837107
5.1999999999999975, 2.889182
5.299999999999997, 2.941114
5.399999999999997, 2.992903
5.4999999999999964, 3.044548
5.599999999999996, 3.09605
5.699999999999996, 3.1474070000000003
5.799999999999995, 3.1986179999999997
5.899999999999995, 3.2496840000000002
5.999999999999995, 3.300602
0.0, 1.07988e-16
0.1, 0.05919675
0.2, 0.1182703
0.30000000000000004, 0.17722110000000002
0.4, 0.23604950000000002
0.5, 0.2947563
0.6, 0.3533422
0.7, 0.411808
0.7999999999999999, 0.4701548
0.8999999999999999, 0.5283841
0.9999999999999999, 0.5864974
1.0999999999999999, 0.6444966000000001
1.2, 0.7023838
1.3, 0.7601609
1.4000000000000001, 0.8178298
1.5000000000000002, 0.8753915
1.6000000000000003, 0.9328471
1.7000000000000004, 0.9901968999999999
1.8000000000000005, 1.047441
1.9000000000000006, 1.10458
2.0000000000000004, 1.161613
2.1000000000000005, 1.218541
2.2000000000000006, 1.275363
2.3000000000000007, 1.33208
2.400000000000001, 1.388692
2.500000000000001, 1.445198
2.600000000000001, 1.501599
2.700000000000001, 1.557896
2.800000000000001, 1.614087
2.9000000000000012, 1.6701730000000001
3.0000000000000013, 1.726155
3.1000000000000014, 1.782032
3.2000000000000015, 1.8378050000000001
3.3000000000000016, 1.893475
3.4000000000000017, 1.9490399999999999
3.5000000000000018, 2.004502
3.600000000000002, 2.059862
3.700000000000002, 2.115119
3.800000000000002, 2.170274
3.900000000000002, 2.225327
4.000000000000002, 2.280279
4.100000000000001, 2.33513
4.200000000000001, 2.3898800000000002
4.300000000000001, 2.444528
4.4, 2.499074
4.5, 2.553517
4.6, 2.607857
4.699999999999999, 2.662093
4.799999999999999, 2.716223
4.899999999999999, 2.770248
4.999999999999998, 2.824166
5.099999999999998, 2.877975
5.1999999999999975, 2.931674
5.299999999999997, 2.985263
5.399999999999997, 3.0387399999999998
5.4999999999999964, 3.0921030000000003
5.599999999999996, 3.145352
5.699999999999996, 3.198483
5.799999999999995, 3.251496
5.899999999999995, 3.304387
5.999999999999995, 3.357156
0.0, 1.245592e-16
0.1, 0.059363929999999995
0.2, 0.1186069
0.30000000000000004, 0.1777295
0.4, 0.2367322
0.5, 0.2956156
0.6, 0.3543808
0.7, 0.4130285
0.7999999999999999, 0.47156
0.8999999999999999, 0.5299768
0.9999999999999999, 0.5882806
1.0999999999999999, 0.6464734
1.2, 0.7045572999999999
1.3, 0.7625344
1.4000000000000001, 0.8204067
1.5000000000000002, 0.8781753999999999
1.6000000000000003, 0.9358417
1.7000000000000004, 0.993406
1.8000000000000005, 1.050869
1.9000000000000006, 1.10823
2.0000000000000004, 1.16549
2.1000000000000005, 1.22265
2.2000000000000006, 1.279708
2.3000000000000007, 1.3366669999999998
2.400000000000001, 1.393524
2.500000000000001, 1.450282
2.600000000000001, 1.5069409999999999
2.700000000000001, 1.5635000000000001
2.800000000000001, 1.6199599999999998
2.9000000000000012, 1.676322
3.0000000000000013, 1.732586
3.1000000000000014, 1.788752
3.2000000000000015, 1.8448220000000002
3.3000000000000016, 1.900795
3.4000000000000017, 1.956672
3.5000000000000018, 2.0124549999999997
3.600000000000002, 2.068144
3.700000000000002, 2.123739
3.800000000000002, 2.179243
3.900000000000002, 2.234655
4.000000000000002, 2.289977
4.100000000000001, 2.345208
4.200000000000001, 2.4003509999999997
4.300000000000001, 2.455404
4.4, 2.51036900000000