0.0, 0.0
0.1, 0.05693732
0.2, 0.1136816
0.30000000000000004, 0.170232
0.4, 0.2265874
0.5, 0.2827468
0.6, 0.3387096
0.7, 0.3944749
0.7999999999999999, 0.4500422
0.8999999999999999, 0.5054109
0.9999999999999999, 0.5605808999999999
1.0999999999999999, 0.6155521
1.2, 0.6703245
1.3, 0.7248979999999999
1.4000000000000001, 0.7792721
1.5000000000000002, 0.8334459000000001
1.6000000000000003, 0.8874178
1.7000000000000004, 0.9411858000000001
1.8000000000000005, 0.9947476000000001
1.9000000000000006, 1.0481010000000002
2.0000000000000004, 1.101243
2.1000000000000005, 1.15417
2.2000000000000006, 1.2068809999999999
2.3000000000000007, 1.259372
2.400000000000001, 1.311639
2.500000000000001, 1.36368
2.600000000000001, 1.415491
2.700000000000001, 1.4670690000000002
2.800000000000001, 1.518411
2.9000000000000012, 1.569511
3.0000000000000013, 1.620366
3.1000000000000014, 1.670973
3.2000000000000015, 1.7213269999999998
3.3000000000000016, 1.7714219999999998
3.4000000000000017, 1.821256
3.5000000000000018, 1.870822
3.600000000000002, 1.920116
3.700000000000002, 1.969132
3.800000000000002, 2.017864
3.900000000000002, 2.0663069999999997
4.000000000000002, 2.114453
4.100000000000001, 2.162296
4.200000000000001, 2.209827
4.300000000000001, 2.2570390000000002
4.4, 2.303921
4.5, 2.350465
4.6, 2.396659
4.699999999999999, 2.442492
4.799999999999999, 2.487953
4.899999999999999, 2.5330280000000003
4.999999999999998, 2.577703
5.099999999999998, 2.621964
5.1999999999999975, 2.6657949999999997
5.299999999999997, 2.709178
5.399999999999997, 2.752095
5.4999999999999964, 2.794528
5.599999999999996, 2.836453
5.699999999999996, 2.877848
5.799999999999995, 2.918689
5.899999999999995, 2.9589469999999998
5.999999999999995, 2.9985950000000003
