0.0, 0.0
0.1, 0.02037396
0.2, 0.03218112
0.30000000000000004, 0.03712247
0.4, 0.03965643
0.5, 0.0416491
0.6, 0.043420320000000005
0.7, 0.045019250000000004
0.7999999999999999, 0.04652646
0.8999999999999999, 0.04798091
0.9999999999999999, 0.04939212
1.0999999999999999, 0.05076487
1.2, 0.05210119
1.3, 0.05340008
1.4000000000000001, 0.05465798
1.5000000000000002, 0.05587425
1.6000000000000003, 0.05706017
1.7000000000000004, 0.05823371
1.8000000000000005, 0.059398490000000005
1.9000000000000006, 0.06055517
2.0000000000000004, 0.061703659999999994
2.1000000000000005, 0.06284339
2.2000000000000006, 0.06397317000000001
2.3000000000000007, 0.06509112
2.400000000000001, 0.06619475
2.500000000000001, 0.06728111
2.600000000000001, 0.06834789
2.700000000000001, 0.06939738
2.800000000000001, 0.07043781
2.9000000000000012, 0.07147469
3.0000000000000013, 0.07250887
3.1000000000000014, 0.07354038
3.2000000000000015, 0.07456890000000001
3.3000000000000016, 0.07559378000000001
3.4000000000000017, 0.07661415
3.5000000000000018, 0.07762894
3.600000000000002, 0.07863702
3.700000000000002, 0.07963694
3.800000000000002, 0.08062691000000001
3.900000000000002, 0.08160659
4.000000000000002, 0.08257919999999999
4.100000000000001, 0.08355086
4.200000000000001, 0.08452325999999999
4.300000000000001, 0.08549642
4.4, 0.08646988
4.5, 0.08744294000000001
4.6, 0.08841473999999999
4.699999999999999, 0.08938434999999999
4.799999999999999, 0.09035083000000001
4.899999999999999, 0.09131305
4.999999999999998, 0.09226941
5.099999999999998, 0.09321824000000001
5.1999999999999975, 0.0941595
5.299999999999997, 0.09509724
5.399999999999997, 0.09603473000000001
5.4999999999999964, 0.09697259999999999
5.599999999999996, 0.09791064
5.699999999999996, 0.0988483
5.799999999999995, 0.09978497
5.899999999999995, 0.10072
5.999999999999995, 0.1016528
