0.0, 0.0
0.1, 4.182828e-5
0.2, 8.336621999999999e-5
0.30000000000000004, 0.00012489079999999998
0.4, 0.0001664037
0.5, 0.0002078369
0.6, 0.0002491948
0.7, 0.0002905981
0.7999999999999999, 0.0003319968
0.8999999999999999, 0.0003733123
0.9999999999999999, 0.0004145979
1.0999999999999999, 0.0004557397
1.2, 0.0004962797
1.3, 0.0005360445999999999
1.4000000000000001, 0.0005763968
1.5000000000000002, 0.0006169928000000001
1.6000000000000003, 0.000657798
1.7000000000000004, 0.0006986169
1.8000000000000005, 0.0007395861999999999
1.9000000000000006, 0.000780598
2.0000000000000004, 0.0008214644000000001
2.1000000000000005, 0.0008621842
2.2000000000000006, 0.0009027027
2.3000000000000007, 0.0009435013999999999
2.400000000000001, 0.0009841634999999999
2.500000000000001, 0.001024196
2.600000000000001, 0.001063418
2.700000000000001, 0.001101222
2.800000000000001, 0.0011400219999999999
2.9000000000000012, 0.001180053
3.0000000000000013, 0.001220559
3.1000000000000014, 0.001260975
3.2000000000000015, 0.001301424
3.3000000000000016, 0.001341627
3.4000000000000017, 0.0013815280000000001
3.5000000000000018, 0.001421236
3.600000000000002, 0.001461212
3.700000000000002, 0.001501415
3.800000000000002, 0.001541748
3.900000000000002, 0.0015815769999999998
4.000000000000002, 0.001620809
4.100000000000001, 0.001658677
4.200000000000001, 0.001694734
4.300000000000001, 0.0017324109999999999
4.4, 0.00177218
4.5, 0.0018118610000000001
4.6, 0.001851281
4.699999999999999, 0.00189084
4.799999999999999, 0.0019301000000000001
4.899999999999999, 0.001969236
4.999999999999998, 0.002009209
5.099999999999998, 0.002049172
5.1999999999999975, 0.002089149
5.299999999999997, 0.002128413
5.399999999999997, 0.002167136
5.4999999999999964, 0.0022045009999999998
5.599999999999996, 0.0022399430000000003
5.699999999999996, 0.0022754090000000004
5.799999999999995, 0.002314095
5.899999999999995, 0.002352564
5.999999999999995, 0.0023913180000000003
