0.0, 0.0
0.1, 47.78689
0.2, 94.48095
0.30000000000000004, 140.0115
0.4, 184.2991
0.5, 227.255
0.6, 268.7784
0.7, 308.7555
0.7999999999999999, 347.05670000000003
0.8999999999999999, 383.5338
0.9999999999999999, 418.0166
1.0999999999999999, 450.3093
1.2, 480.1868
1.3, 507.39169999999996
1.4000000000000001, 531.6347999999999
1.5000000000000002, 552.6061
1.6000000000000003, 570.0119
1.7000000000000004, 583.6719
1.8000000000000005, 593.7098000000001
1.9000000000000006, 600.7568
2.0000000000000004, 605.8281000000001
2.1000000000000005, 609.7798
2.2000000000000006, 613.0554
2.3000000000000007, 615.9379
2.400000000000001, 618.5855
2.500000000000001, 621.064
2.600000000000001, 623.409
2.700000000000001, 625.6410000000001
2.800000000000001, 627.7732000000001
2.9000000000000012, 629.815
3.0000000000000013, 631.7724
3.1000000000000014, 633.6483
3.2000000000000015, 635.4429
3.3000000000000016, 637.1524000000001
3.4000000000000017, 638.7591
3.5000000000000018, 640.3054
3.600000000000002, 641.8040000000001
3.700000000000002, 643.2657
3.800000000000002, 644.6962
3.900000000000002, 646.0981
4.000000000000002, 647.4731
4.100000000000001, 648.8222000000001
4.200000000000001, 650.1461999999999
4.300000000000001, 651.4452
4.4, 652.7189999999999
4.5, 653.9672
4.6, 655.1892
4.699999999999999, 656.385
4.799999999999999, 657.5535
4.899999999999999, 658.691
4.999999999999998, 659.7946
5.099999999999998, 660.876
5.1999999999999975, 661.9411
5.299999999999997, 662.9929999999999
5.399999999999997, 664.0326
5.4999999999999964, 665.0603
5.599999999999996, 666.0762
5.699999999999996, 667.0801
5.799999999999995, 668.0717000000001
5.899999999999995, 669.0507
5.999999999999995, 670.0169999999999
