0.0, 0.0
0.1, 0.05619474
0.2, 0.11208090000000001
0.30000000000000004, 0.1676513
0.4, 0.22289799999999999
0.5, 0.2778128
0.6, 0.332387
0.7, 0.3866115
0.7999999999999999, 0.4404765
0.8999999999999999, 0.4939715
0.9999999999999999, 0.5470854
1.0999999999999999, 0.5998061
1.2, 0.6521202
1.3, 0.7040124
1.4000000000000001, 0.7554658999999999
1.5000000000000002, 0.8064619000000001
1.6000000000000003, 0.8569795
1.7000000000000004, 0.9069957
1.8000000000000005, 0.9564852
1.9000000000000006, 1.00542
2.0000000000000004, 1.05377
2.1000000000000005, 1.101501
2.2000000000000006, 1.148574
2.3000000000000007, 1.194949
2.400000000000001, 1.240577
2.500000000000001, 1.285407
2.600000000000001, 1.329379
2.700000000000001, 1.372426
2.800000000000001, 1.414471
2.9000000000000012, 1.455429
3.0000000000000013, 1.4951999999999999
3.1000000000000014, 1.533671
3.2000000000000015, 1.5707119999999999
3.3000000000000016, 1.606176
3.4000000000000017, 1.6398949999999999
3.5000000000000018, 1.671683
3.600000000000002, 1.70134
3.700000000000002, 1.728666
3.800000000000002, 1.753485
3.900000000000002, 1.775689
4.000000000000002, 1.79529
4.100000000000001, 1.812455
4.200000000000001, 1.827499
4.300000000000001, 1.84083
4.4, 1.85287
4.5, 1.863977
4.6, 1.874387
4.699999999999999, 1.8842329999999998
4.799999999999999, 1.893596
4.899999999999999, 1.902537
4.999999999999998, 1.911098
5.099999999999998, 1.919297
5.1999999999999975, 1.927126
5.299999999999997, 1.934583
5.399999999999997, 1.9417950000000002
5.4999999999999964, 1.948801
5.599999999999996, 1.955601
5.699999999999996, 1.9622099999999998
5.799999999999995, 1.96866
5.899999999999995, 1.9749780000000001
5.999999999999995, 1.9811820000000002
