0.0, 0.0
0.1, 0.058813210000000005
0.2, 0.1174242
0.30000000000000004, 0.1758317
0.4, 0.2340344
0.5, 0.292031
0.6, 0.34982060000000004
0.7, 0.407402
0.7999999999999999, 0.4647745
0.8999999999999999, 0.5219372999999999
0.9999999999999999, 0.5788897
1.0999999999999999, 0.6356312
1.2, 0.6921606
1.3, 0.7484767
1.4000000000000001, 0.8045774
1.5000000000000002, 0.8604604
1.6000000000000003, 0.9161226
1.7000000000000004, 0.9715611000000001
1.8000000000000005, 1.026772
1.9000000000000006, 1.081753
2.0000000000000004, 1.136499
2.1000000000000005, 1.191007
2.2000000000000006, 1.245273
2.3000000000000007, 1.2992920000000001
2.400000000000001, 1.35306
2.500000000000001, 1.406572
2.600000000000001, 1.459823
2.700000000000001, 1.512808
2.800000000000001, 1.5655219999999999
2.9000000000000012, 1.617958
3.0000000000000013, 1.670112
3.1000000000000014, 1.7219760000000002
3.2000000000000015, 1.7735450000000001
3.3000000000000016, 1.82481
3.4000000000000017, 1.875764
3.5000000000000018, 1.9264
3.600000000000002, 1.976709
3.700000000000002, 2.02668
3.800000000000002, 2.0763040000000004
3.900000000000002, 2.125569
4.000000000000002, 2.1744630000000003
4.100000000000001, 2.222974
4.200000000000001, 2.271086
4.300000000000001, 2.3187849999999997
4.4, 2.3660539999999997
4.5, 2.412876
4.6, 2.4592300000000002
4.699999999999999, 2.505096
4.799999999999999, 2.550452
4.899999999999999, 2.5952729999999997
4.999999999999998, 2.6395310000000003
5.099999999999998, 2.683198
5.1999999999999975, 2.726241
5.299999999999997, 2.7686249999999997
5.399999999999997, 2.810311
5.4999999999999964, 2.851257
5.599999999999996, 2.891415
5.699999999999996, 2.930733
5.799999999999995, 2.9691549999999998
5.899999999999995, 3.006617
5.999999999999995, 3.043049
