0.0, 0.0
0.1, 0.6189167
0.2, 0.6811533000000001
0.30000000000000004, 0.7199485999999999
0.4, 0.7546276
0.5, 0.7868623
0.6, 0.8178288
0.7, 0.8480729
0.7999999999999999, 0.8776672
0.8999999999999999, 0.9066327
0.9999999999999999, 0.9349463
1.0999999999999999, 0.9625604999999999
1.2, 0.9894223
1.3, 1.0154320000000001
1.4000000000000001, 1.040484
1.5000000000000002, 1.064857
1.6000000000000003, 1.0889659999999999
1.7000000000000004, 1.112972
1.8000000000000005, 1.136921
1.9000000000000006, 1.1608280000000002
2.0000000000000004, 1.184702
2.1000000000000005, 1.208548
2.2000000000000006, 1.232362
2.3000000000000007, 1.256134
2.400000000000001, 1.2798509999999998
2.500000000000001, 1.30347
2.600000000000001, 1.326873
2.700000000000001, 1.349936
2.800000000000001, 1.37276
2.9000000000000012, 1.395577
3.0000000000000013, 1.418493
3.1000000000000014, 1.4415239999999998
3.2000000000000015, 1.464655
3.3000000000000016, 1.48786
3.4000000000000017, 1.511115
3.5000000000000018, 1.5344
3.600000000000002, 1.557707
3.700000000000002, 1.58103
3.800000000000002, 1.6043429999999999
3.900000000000002, 1.627585
4.000000000000002, 1.650644
4.100000000000001, 1.673432
4.200000000000001, 1.6960369999999998
4.300000000000001, 1.7186270000000001
4.4, 1.7412779999999999
4.5, 1.764
4.6, 1.7867819999999999
4.699999999999999, 1.809611
4.799999999999999, 1.8324799999999999
4.899999999999999, 1.855387
4.999999999999998, 1.8783290000000001
5.099999999999998, 1.901289
5.1999999999999975, 1.9242250000000003
5.299999999999997, 1.9470589999999999
5.399999999999997, 1.969686
5.4999999999999964, 1.9920769999999999
5.599999999999996, 2.014352
5.699999999999996, 2.036631
5.799999999999995, 2.05896
5.899999999999995, 2.081352
5.999999999999995, 2.103814
