0.0, 0.0
0.1, 2.3710000000000002e-8
0.2, 4.739087e-8
0.30000000000000004, 7.105053e-8
0.4, 9.468651e-8
0.5, 1.182956e-7
0.6, 1.419028e-7
0.7, 1.654725e-7
0.7999999999999999, 1.8902260000000002e-7
0.8999999999999999, 2.125701e-7
0.9999999999999999, 2.36084e-7
1.0999999999999999, 2.595724e-7
1.2, 2.830575e-7
1.3, 3.0654089999999997e-7
1.4000000000000001, 3.300229e-7
1.5000000000000002, 3.5342709999999997e-7
1.6000000000000003, 3.7683079999999996e-7
1.7000000000000004, 4.002355e-7
1.8000000000000005, 4.23556e-7
1.9000000000000006, 4.468265e-7
2.0000000000000004, 4.701507e-7
2.1000000000000005, 4.932036e-7
2.2000000000000006, 5.154533e-7
2.3000000000000007, 5.375600999999999e-7
2.400000000000001, 5.604428e-7
2.500000000000001, 5.836598e-7
2.600000000000001, 6.06915e-7
2.700000000000001, 6.30069e-7
2.800000000000001, 6.533403e-7
2.9000000000000012, 6.763792e-7
3.0000000000000013, 6.99682e-7
3.1000000000000014, 7.227754999999999e-7
3.2000000000000015, 7.459577e-7
3.3000000000000016, 7.690761e-7
3.4000000000000017, 7.923198000000001e-7
3.5000000000000018, 8.154257e-7
3.600000000000002, 8.38562e-7
3.700000000000002, 8.616163999999999e-7
3.800000000000002, 8.848026e-7
3.900000000000002, 9.079008e-7
4.000000000000002, 9.309676e-7
4.100000000000001, 9.541289e-7
4.200000000000001, 9.771495e-7
4.300000000000001, 1.000342e-6
4.4, 1.0233159999999998e-6
4.5, 1.046393e-6
4.6, 1.069328e-6
4.699999999999999, 1.092323e-6
4.799999999999999, 1.1151100000000002e-6
4.899999999999999, 1.1381049999999999e-6
4.999999999999998, 1.160992e-6
5.099999999999998, 1.182786e-6
5.1999999999999975, 1.203113e-6
5.299999999999997, 1.2228770000000002e-6
5.399999999999997, 1.244603e-6
5.4999999999999964, 1.267041e-6
5.599999999999996, 1.289969e-6
5.699999999999996, 1.313049e-6
5.799999999999995, 1.33558e-6
5.899999999999995, 1.358534e-6
5.999999999999995, 1.381427e-6
