0.0, 0.0
0.1, 93.31246
0.2, 185.2833
0.30000000000000004, 275.8811
0.4, 365.0734
0.5, 452.8262
0.6, 539.1042
0.7, 623.8705
0.7999999999999999, 707.0867999999999
0.8999999999999999, 788.7130000000001
0.9999999999999999, 868.7073999999999
1.0999999999999999, 947.0264000000001
1.2, 1023.625
1.3, 1098.455
1.4000000000000001, 1171.467
1.5000000000000002, 1242.61
1.6000000000000003, 1311.83
1.7000000000000004, 1379.071
1.8000000000000005, 1444.2730000000001
1.9000000000000006, 1507.376
2.0000000000000004, 1568.317
2.1000000000000005, 1627.028
2.2000000000000006, 1683.441
2.3000000000000007, 1737.4840000000002
2.400000000000001, 1789.0829999999999
2.500000000000001, 1838.162
2.600000000000001, 1884.642
2.700000000000001, 1928.4440000000002
2.800000000000001, 1969.485
2.9000000000000012, 2007.685
3.0000000000000013, 2042.967
3.1000000000000014, 2075.2549999999997
3.2000000000000015, 2104.4840000000004
3.3000000000000016, 2130.603
3.4000000000000017, 2153.587
3.5000000000000018, 2173.446
3.600000000000002, 2190.245
3.700000000000002, 2204.131
3.800000000000002, 2215.35
3.900000000000002, 2224.2709999999997
4.000000000000002, 2231.391
4.100000000000001, 2237.322
4.200000000000001, 2242.66
4.300000000000001, 2247.625
4.4, 2252.137
4.5, 2256.235
4.6, 2260.011
4.699999999999999, 2263.537
4.799999999999999, 2266.865
4.899999999999999, 2270.034
4.999999999999998, 2273.069
5.099999999999998, 2275.991
5.1999999999999975, 2278.815
5.299999999999997, 2281.552
5.399999999999997, 2284.211
5.4999999999999964, 2286.799
5.599999999999996, 2289.321
5.699999999999996, 2291.783
5.799999999999995, 2294.186
5.899999999999995, 2296.5339999999997
5.999999999999995, 2298.829
