0.0, 0.0
0.1, 36.244620000000005
0.2, 69.09823
0.30000000000000004, 98.64507
0.4, 124.92340000000002
0.5, 147.94760000000002
0.6, 167.7585
0.7, 184.3587
0.7999999999999999, 197.8701
0.8999999999999999, 208.406
0.9999999999999999, 216.1052
1.0999999999999999, 221.2855
1.2, 224.45700000000002
1.3, 226.26340000000002
1.4000000000000001, 227.327
1.5000000000000002, 228.07829999999998
1.6000000000000003, 228.7681
1.7000000000000004, 229.4792
1.8000000000000005, 230.1505
1.9000000000000006, 230.7465
2.0000000000000004, 231.28189999999998
2.1000000000000005, 231.7745
2.2000000000000006, 232.236
2.3000000000000007, 232.6736
2.400000000000001, 233.0919
2.500000000000001, 233.494
2.600000000000001, 233.8819
2.700000000000001, 234.2571
2.800000000000001, 234.62050000000002
2.9000000000000012, 234.97289999999998
3.0000000000000013, 235.3144
3.1000000000000014, 235.64509999999999
3.2000000000000015, 235.964
3.3000000000000016, 236.2687
3.4000000000000017, 236.5518
3.5000000000000018, 236.8036
3.600000000000002, 237.0796
3.700000000000002, 237.359
3.800000000000002, 237.6301
3.900000000000002, 237.892
4.000000000000002, 238.14600000000002
4.100000000000001, 238.393
4.200000000000001, 238.6337
4.300000000000001, 238.8682
4.4, 239.09650000000002
4.5, 239.3198
4.6, 239.5392
4.699999999999999, 239.75560000000002
4.799999999999999, 239.9692
4.899999999999999, 240.1801
4.999999999999998, 240.38830000000002
5.099999999999998, 240.5941
5.1999999999999975, 240.7973
5.299999999999997, 240.99820000000003
5.399999999999997, 241.1968
5.4999999999999964, 241.393
5.599999999999996, 241.58689999999999
5.699999999999996, 241.77859999999998
5.799999999999995, 241.96790000000001
5.899999999999995, 242.155
5.999999999999995, 242.3397
