0.0, 0.0
0.1, 14.50726
0.2, 23.18796
0.30000000000000004, 26.8254
0.4, 27.76686
0.5, 28.13665
0.6, 28.352330000000002
0.7, 28.54871
0.7999999999999999, 28.73654
0.8999999999999999, 28.91152
0.9999999999999999, 29.07568
1.0999999999999999, 29.230700000000002
1.2, 29.37781
1.3, 29.517979999999998
1.4000000000000001, 29.651989999999998
1.5000000000000002, 29.780469999999998
1.6000000000000003, 29.90396
1.7000000000000004, 30.02291
1.8000000000000005, 30.13771
1.9000000000000006, 30.2487
2.0000000000000004, 30.35616
2.1000000000000005, 30.460350000000002
2.2000000000000006, 30.56148
2.3000000000000007, 30.659740000000003
2.400000000000001, 30.755300000000002
2.500000000000001, 30.84828
2.600000000000001, 30.93879
2.700000000000001, 31.026860000000003
2.800000000000001, 31.11252
2.9000000000000012, 31.195680000000003
3.0000000000000013, 31.27622
3.1000000000000014, 31.353879999999997
3.2000000000000015, 31.42803
3.3000000000000016, 31.498129999999996
3.4000000000000017, 31.565230000000003
3.5000000000000018, 31.631339999999998
3.600000000000002, 31.696580000000004
3.700000000000002, 31.76102
3.800000000000002, 31.8247
3.900000000000002, 31.887639999999998
4.000000000000002, 31.94986
4.100000000000001, 32.01138
4.200000000000001, 32.072230000000005
4.300000000000001, 32.132419999999996
4.4, 32.19198
4.5, 32.25092
4.6, 32.309250000000006
4.699999999999999, 32.36699
4.799999999999999, 32.42415
4.899999999999999, 32.48075
4.999999999999998, 32.53680000000001
5.099999999999998, 32.59231
5.1999999999999975, 32.6473
5.299999999999997, 32.701769999999996
5.399999999999997, 32.75573
5.4999999999999964, 32.809180000000005
5.599999999999996, 32.862140000000004
5.699999999999996, 32.9146
5.799999999999995, 32.96656
5.899999999999995, 33.018
5.999999999999995, 33.0689
