0.0, 0.0
0.1, 50.16974
0.2, 97.6486
0.30000000000000004, 142.56210000000002
0.4, 184.9438
0.5, 224.8319
0.6, 262.2969
0.7, 297.339
0.7999999999999999, 330.00059999999996
0.8999999999999999, 360.30129999999997
0.9999999999999999, 388.252
1.0999999999999999, 413.7177
1.2, 436.841
1.3, 457.6469
1.4000000000000001, 476.1506
1.5000000000000002, 492.3757
1.6000000000000003, 506.3581
1.7000000000000004, 518.15
1.8000000000000005, 527.8056
1.9000000000000006, 535.3847
2.0000000000000004, 541.1688
2.1000000000000005, 545.3942
2.2000000000000006, 548.3701
2.3000000000000007, 550.4404999999999
2.400000000000001, 551.9226
2.500000000000001, 553.0621
2.600000000000001, 554.0281
2.700000000000001, 554.9265
2.800000000000001, 555.8136999999999
2.9000000000000012, 556.7054999999999
3.0000000000000013, 557.5903
3.1000000000000014, 558.4458000000001
3.2000000000000015, 559.253
3.3000000000000016, 560.0037
3.4000000000000017, 560.6972000000001
3.5000000000000018, 561.3383
3.600000000000002, 561.9371
3.700000000000002, 562.5137
3.800000000000002, 563.0926999999999
3.900000000000002, 563.6827999999999
4.000000000000002, 564.2749
4.100000000000001, 564.8564
4.200000000000001, 565.4182
4.300000000000001, 565.9565
4.4, 566.4704
4.5, 566.961
4.6, 567.4303
4.699999999999999, 567.8808
4.799999999999999, 568.3151
4.899999999999999, 568.7354
4.999999999999998, 569.144
5.099999999999998, 569.5427000000001
5.1999999999999975, 569.933
5.299999999999997, 570.3157
5.399999999999997, 570.6917000000001
5.4999999999999964, 571.0614
5.599999999999996, 571.4251
5.699999999999996, 571.7831
5.799999999999995, 572.1354
5.899999999999995, 572.4824000000001
5.999999999999995, 572.8241
