0.0, 1.361517
-0.1, 1.338872
-0.2, 1.3157100000000002
-0.30000000000000004, 1.291467
-0.4, 1.266516
-0.5, 1.240556
-0.6, 1.214008
-0.7, 1.18689
-0.7999999999999999, 1.159236
-0.8999999999999999, 1.131073
-0.9999999999999999, 1.102437
-1.0999999999999999, 1.073387
-1.2, 1.043501
-1.3, 1.0131269999999999
-1.4000000000000001, 0.981944
-1.5000000000000002, 0.9500905
-1.6000000000000003, 0.9178137
-1.7000000000000004, 0.8851612999999999
-1.8000000000000005, 0.8519475
-1.9000000000000006, 0.8180006000000001
-2.0000000000000004, 0.7837156000000001
-2.1000000000000005, 0.7491164
-2.2000000000000006, 0.7140099999999999
-2.3000000000000007, 0.6784535
-2.400000000000001, 0.6426987000000001
-2.500000000000001, 0.6066883
-2.600000000000001, 0.5701335
-2.700000000000001, 0.5335792
-2.800000000000001, 0.4970119
-2.9000000000000012, 0.4604145
-3.0000000000000013, 0.42409769999999997
